[LEFT_CAM_2K]
fx=1401.45
fy=1401.45
cx=1186.66
cy=644.141
k1=-0.172599
k2=0.0241122

[RIGHT_CAM_2K]
fx=1396.99
fy=1396.99
cx=1172.16
cy=674.952
k1=-0.173205
k2=0.0259745

[LEFT_CAM_FHD]
fx=1401.45
fy=1401.45
cx=1042.66
cy=563.141
k1=-0.172599
k2=0.0241122

[RIGHT_CAM_FHD]
fx=1396.99
fy=1396.99
cx=1028.16
cy=593.952
k1=-0.173205
k2=0.0259745

[LEFT_CAM_HD]
fx=700.726
fy=700.726
cx=679.831
cy=370.07
k1=-0.172599
k2=0.0241122

[RIGHT_CAM_HD]
fx=698.493
fy=698.493
cx=672.579
cy=385.476
k1=-0.173205
k2=0.0259745

[LEFT_CAM_VGA]
fx=350.363
fy=350.363
cx=355.416
cy=192.535
k1=-0.172599
k2=0.0241122

[RIGHT_CAM_VGA]
fx=349.246
fy=349.246
cx=351.79
cy=200.238
k1=-0.173205
k2=0.0259745

[STEREO]
Baseline=120
CV_2K=0.0141105
CV_FHD=0.0141105
CV_HD=0.0141105
CV_VGA=0.0141105
RX_2K=-0.00236422
RX_FHD=-0.00236422
RX_HD=-0.00236422
RX_VGA=-0.00236422
RZ_2K=-0.00117996
RZ_FHD=-0.00117996
RZ_HD=-0.00117996
RZ_VGA=-0.00117996



